Czas wyszukiwania  cyklu
0.508355 
1.373486 
1.075003 
0.439273 
0.482035 
0.465083 
0.287121 
0.467056 
0.228819 
0.225603 
0.309254 
0.409156 
0.365522 
0.196717 
0.173182 
0.183011 
0.219822 
0.190836 
0.21332 
0.136171 
0.066167 
0.111264 
0.064093 
0.065686 
0.134619 
0.072459 
0.109621 
0.064905 
0.061599 
0.06786 
0.084712 
0.06745 
0.082989 
0.033495 
0.079483 
0.033985 
0.080224 
0.103148 
0.048633 
0.080305 
0.033644 
0.032021 
0.080264 
0.084783 
0.081487 
0.033034 
0.07795 
0.079683 
0.079453 
0.035508 
0.108588 
0.114089 
0.16694 
0.153264 
0.054755 
0.098418 
0.122375 
0.091476 
0.071236 
0.069243 
0.068732 
0.022313 
0.079182 
0.086176 
0.070315 
0.021612 
0.022323 
0.067049 
0.021151 
0.068982 
0.020911 
0.023395 
0.021361 
0.020679 
0.070575 
0.024007 
0.068311 
0.021191 
0.020911 
0.022363 
0.021381 
0.021492 
0.06766 
0.070135 
0.069102 
0.108458 
0.023575 
0.030779 
0.092869 
0.101876 
0.029507 
0.103439 
0.029386 
0.028956 
0.103229 
0.095053 
0.09421 
0.119089 
0.106775 
0.028324 
0.028464 
0.144477 
0.101364 
0.089452 
0.027994 
0.027733 
0.094311 
0.03113 
0.092147 
0.030459 
0.028716 
0.032091 
0.032081 
0.101314 
0.03626 
0.030689 
0.027473 
0.089842 
0.08847 
0.085494 
0.032873 
0.028635 
0.028184 
0.102136 
0.103568 
0.094621 
0.089422 
0.031481 
0.096165 
0.035187 
0.030769 
0.028204 
0.111303 
0.090644 
0.085615 
0.090584 
0.028354 
0.028815 
0.090644 
0.090955 
0.037082 
0.088079 
0.027382 
0.030108 
0.033504 
0.030699 
0.029186 
0.064955 
0.086286 
0.028024 
0.098409 
0.089211 
0.029797 
0.03134 
0.094071 
0.147373 
0.085394 
0.036971 
0.138576 
0.081607 
0.080835 
0.031631 
0.085144 
0.023495 
0.083841 
0.075676 
0.066267 
0.067089 
0.021241 
0.071968 
0.066007 
0.064664 
0.020519 
0.063922 
0.02047 
0.066067 
0.019338 
0.02055 
0.062931 
0.065185 
0.020259 
0.020299 
0.061718 
0.06221 
0.023114 
0.064003 
0.019888 
0.061428 
0.063051 
0.061508 
0.022262 
0.058131 
0.092788 
0.091125 
0.095614 
0.028615 
0.091025 
0.08889 
0.088961 
0.02647 
