Czas wyszukiwania  cyklu
0.747665 
0.678251 
0.68769 
0.988357 
0.240251 
0.391592 
0.367005 
0.433562 
0.441818 
0.263766 
0.43776 
0.23431 
0.336085 
0.238488 
0.235392 
0.175286 
0.128928 
0.128547 
0.070976 
0.1199 
0.070134 
0.120942 
0.073752 
0.124148 
0.137845 
0.089331 
0.120331 
0.044425 
0.091615 
0.095133 
0.089733 
0.106906 
0.100142 
0.090093 
0.039966 
0.090234 
0.174715 
0.113838 
0.102407 
0.040718 
0.059754 
0.039957 
0.09396 
0.101334 
0.046099 
0.090483 
0.121503 
0.045758 
0.029757 
0.030619 
0.082168 
0.025609 
0.027553 
0.080464 
0.076486 
0.083781 
0.079272 
0.031801 
0.025889 
0.028224 
0.082579 
0.027072 
0.075064 
0.094101 
0.076857 
0.026842 
0.077107 
0.076547 
0.078581 
0.077108 
0.075004 
0.02613 
0.026261 
0.076206 
0.078231 
0.028836 
0.032613 
0.026901 
0.093961 
0.084011 
0.078311 
0.093229 
0.027523 
0.081627 
0.025358 
0.076717 
0.102607 
0.125641 
0.090935 
0.094842 
0.029857 
0.079051 
0.02561 
0.030418 
0.028034 
0.028345 
0.081216 
0.081487 
0.026741 
0.074563 
0.026551 
0.027563 
0.118508 
0.07815 
0.025739 
0.027583 
0.025379 
0.024176 
0.076698 
0.027433 
0.089912 
0.077209 
0.079252 
0.07292 
0.025018 
0.070205 
0.027102 
0.080094 
0.02566 
0.02594 
0.079282 
0.075014 
0.072579 
0.071968 
0.071096 
0.043944 
0.080945 
0.078431 
0.077629 
0.029296 
0.096375 
0.027112 
0.076697 
0.030258 
0.02587 
0.081477 
0.073841 
0.077579 
0.030779 
0.028946 
0.03164 
0.081025 
0.073882 
0.028124 
0.027803 
0.02593 
0.07828 
0.031631 
0.032613 
0.108148 
0.169015 
0.046309 
0.084392 
0.112967 
0.108137 
0.037963 
0.039336 
0.094601 
0.082869 
0.077779 
0.024828 
0.086807 
0.131923 
0.028815 
0.027734 
0.028275 
0.079182 
0.025559 
0.078571 
0.07838 
0.024978 
0.026782 
0.084342 
0.07828 
0.027062 
0.026251 
0.078832 
0.077128 
0.02633 
0.028194 
0.02608 
0.028184 
0.082648 
0.029307 
0.025299 
0.02589 
0.079492 
0.024036 
0.078741 
0.030609 
0.090935 
0.082058 
0.096445 
0.02625 
0.025499 
0.110953 
0.029146 
0.026561 
0.134448 
0.025489 
