Czas wyszukiwania  cyklu
0.426749 
0.407803 
0.412932 
0.132304 
0.96398 
0.42241 
0.388055 
0.152592 
0.148835 
0.319232 
0.2762 
0.248216 
0.128857 
0.294546 
0.134288 
0.234329 
0.141101 
0.187129 
0.144087 
0.214853 
0.157372 
0.165518 
0.048753 
0.048533 
0.122685 
0.095544 
0.04698 
0.046499 
0.048643 
0.047732 
0.047191 
0.090213 
0.089852 
0.046138 
0.045127 
0.089922 
0.070605 
0.119469 
0.038273 
0.028414 
0.073061 
0.075475 
0.027863 
0.029086 
0.02641 
0.070957 
0.071076 
0.070285 
0.028174 
0.070856 
0.07255 
0.073471 
0.027011 
0.027974 
0.070245 
0.077739 
0.029256 
0.069974 
0.070134 
0.027843 
0.070996 
0.039005 
0.07288 
0.060055 
0.076567 
0.027984 
0.103869 
0.028124 
0.037603 
0.018746 
0.066137 
0.017102 
0.063492 
0.018636 
0.06244 
0.020078 
0.022834 
0.017403 
0.067078 
0.019027 
0.017323 
0.017594 
0.059344 
0.059694 
0.065465 
0.017714 
0.017093 
0.016462 
0.017714 
0.017463 
0.061778 
0.061047 
0.061007 
0.060075 
0.060105 
0.060947 
0.059965 
0.016852 
0.016922 
0.069032 
0.069423 
0.065456 
0.018125 
0.021 
0.063572 
0.016061 
0.062981 
0.039476 
0.017975 
0.018466 
0.020139 
0.019567 
0.077929 
0.073662 
0.062039 
0.017032 
0.017483 
0.021291 
0.017824 
0.058423 
0.018586 
0.016893 
0.08366 
0.017944 
0.016812 
0.087267 
0.029707 
0.021141 
0.07821 
0.059534 
0.017824 
0.057671 
0.016772 
0.058463 
0.056839 
0.06259 
0.072349 
0.037943 
0.145238 
0.021973 
0.020379 
0.065296 
0.058482 
0.059324 
0.060846 
0.021722 
0.056027 
0.055327 
0.059544 
0.016932 
0.016522 
0.056258 
0.0574 
0.018636 
0.016251 
0.019067 
0.059795 
0.061929 
0.077849 
0.059213 
0.05685 
0.079883 
0.059183 
0.017083 
0.016051 
0.055617 
0.01567 
0.055877 
0.016221 
0.055096 
0.055847 
0.056809 
0.054986 
0.016602 
0.058773 
0.056368 
0.054595 
0.061358 
0.057911 
0.018595 
0.05682 
0.068982 
0.109821 
0.038714 
0.134979 
0.027313 
0.065005 
0.066889 
0.097528 
0.019778 
0.018215 
0.105162 
0.061969 
0.048794 
0.016381 
0.016591 
0.050267 
0.048062 
0.01557 
0.049415 
