Czas wyszukiwania  cyklu
0.474701 
0.949813 
0.483868 
0.398325 
0.368427 
0.345834 
0.230232 
0.339361 
0.229771 
0.242235 
0.22969 
0.23938 
0.38069 
0.261101 
0.352607 
0.279707 
0.209071 
0.226104 
0.225163 
0.256062 
0.303653 
0.259077 
0.10421 
0.054094 
0.10939 
0.103378 
0.105713 
0.052801 
0.058522 
0.097708 
0.096134 
0.097237 
0.051339 
0.11997 
0.098629 
0.076517 
0.079202 
0.084101 
0.085894 
0.029767 
0.075505 
0.075966 
0.029287 
0.075645 
0.029387 
0.03138 
0.076146 
0.074443 
0.03104 
0.034296 
0.125972 
0.102837 
0.105212 
0.110442 
0.102266 
0.097758 
0.114059 
0.032953 
0.105643 
0.104471 
0.03612 
0.087648 
0.108789 
0.125811 
0.022383 
0.096015 
0.085625 
0.022373 
0.091977 
0.023015 
0.094822 
0.021712 
0.021311 
0.021391 
0.089852 
0.022153 
0.022753 
0.023135 
0.019678 
0.067029 
0.018876 
0.062951 
0.071648 
0.064564 
0.062761 
0.064954 
0.018306 
0.066468 
0.062189 
0.018857 
0.018255 
0.018195 
0.065776 
0.060937 
0.019688 
0.019237 
0.019107 
0.039265 
0.020159 
0.032032 
0.097658 
0.019958 
0.09924 
0.06798 
0.019367 
0.018666 
0.018566 
0.062901 
0.06247 
0.060335 
0.059234 
0.064354 
0.066588 
0.060807 
0.018826 
0.065375 
0.018946 
0.018956 
0.018255 
0.059364 
0.018436 
0.065306 
0.064674 
0.065666 
0.018486 
0.062731 
0.021161 
0.064103 
0.064333 
0.022182 
0.019518 
0.065446 
0.061358 
0.063532 
0.059123 
0.019197 
0.065455 
0.020249 
0.018035 
0.018716 
0.059684 
0.021892 
0.058873 
0.018736 
0.059234 
0.019267 
0.018416 
0.018486 
0.059855 
0.061558 
0.073261 
0.020419 
0.084602 
0.061068 
0.018686 
0.058733 
0.017905 
0.018135 
0.018585 
0.058281 
0.017343 
0.058813 
0.058021 
0.061328 
0.05729 
0.058302 
0.017304 
0.017283 
0.056839 
0.022243 
0.018917 
0.061969 
0.061649 
0.05745 
0.058041 
0.058562 
0.017644 
0.059504 
0.057841 
0.018305 
0.060346 
0.016692 
0.016962 
0.017664 
0.058623 
0.017574 
0.057059 
0.056829 
0.016582 
0.056478 
0.018645 
0.058623 
0.058382 
0.058241 
0.057791 
0.018425 
0.057861 
0.017694 
0.056629 
0.017153 
