Czas wyszukiwania  cyklu
1.021631 
0.223829 
0.366844 
0.348789 
0.193963 
0.183873 
0.188261 
0.092909 
0.207558 
0.188031 
0.174435 
0.168895 
0.177871 
0.148024 
0.118708 
0.090935 
0.145139 
0.13528 
0.139688 
0.133556 
0.145489 
0.078481 
0.149717 
0.135119 
0.128687 
0.126342 
0.117175 
0.121494 
0.078521 
0.120101 
0.111945 
0.121583 
0.131552 
0.146511 
0.118838 
0.115412 
0.07289 
0.076246 
0.074422 
0.179194 
0.082168 
0.075566 
0.085775 
0.080134 
0.054254 
0.086756 
0.084713 
0.042341 
0.083511 
0.033584 
0.069995 
0.067539 
0.069704 
0.067429 
0.066658 
0.071858 
0.074503 
0.082097 
0.0414 
0.019197 
0.054795 
0.057801 
0.019467 
0.045447 
0.018646 
0.065876 
0.058853 
0.05702 
0.052992 
0.084453 
0.055226 
0.063 
0.069894 
0.019137 
0.022924 
0.057771 
0.05218 
0.018014 
0.052631 
0.018145 
0.059855 
0.054495 
0.021331 
0.05755 
0.05221 
0.017543 
0.053112 
0.05212 
0.052962 
0.024266 
0.017724 
0.016963 
0.052882 
0.075745 
0.0208 
0.074252 
0.083891 
0.019989 
0.073531 
0.074914 
0.084051 
0.078671 
0.02093 
0.074233 
0.100112 
0.020639 
0.082157 
0.086536 
0.063462 
0.06755 
0.070125 
0.065356 
0.013445 
0.016111 
0.066337 
0.014087 
0.063542 
0.013326 
0.013255 
0.014468 
0.064053 
0.064534 
0.06255 
0.065605 
0.063672 
0.073502 
0.065676 
0.033875 
0.013516 
0.065014 
0.01548 
0.064995 
0.013315 
0.013977 
0.013275 
0.065295 
0.062911 
0.013116 
0.013726 
0.06288 
0.06264 
0.013035 
0.071337 
0.013786 
0.066698 
0.013015 
0.047171 
0.01043 
0.047371 
0.044536 
0.046479 
0.01051 
0.046489 
0.045106 
0.052711 
0.010259 
0.049946 
0.044836 
0.044195 
0.045548 
0.044075 
0.044615 
0.01068 
0.045768 
0.010761 
0.021291 
0.011843 
0.04703 
0.011202 
0.010069 
0.050056 
0.012003 
0.02078 
0.019627 
0.060365 
0.045047 
0.019979 
0.013356 
0.053092 
0.048584 
0.011222 
0.060335 
0.014699 
0.047491 
0.011782 
0.013566 
0.047561 
0.040809 
0.042621 
0.016421 
0.010911 
0.013887 
0.075405 
0.012484 
0.04696 
0.040999 
0.01045 
0.046699 
0.046048 
0.080083 
