Czas wyszukiwania  cyklu
0.145279 
0.646712 
0.121684 
0.118758 
0.288324 
0.228558 
0.044265 
0.178001 
0.176028 
0.177461 
0.040307 
0.214171 
0.044315 
0.04673 
0.120852 
0.102217 
0.130892 
0.23427 
0.060576 
0.11479 
0.050106 
0.162993 
0.090754 
0.085915 
0.08872 
0.047221 
0.045427 
0.089732 
0.046469 
0.087989 
0.053763 
0.077498 
0.052371 
0.084632 
0.082909 
0.06768 
0.087157 
0.072379 
0.037783 
0.073711 
0.035578 
0.038183 
0.070936 
0.068492 
0.069794 
0.064624 
0.079102 
0.105994 
0.034717 
0.037011 
0.069754 
0.082478 
0.068011 
0.035818 
0.038644 
0.035518 
0.071547 
0.080294 
0.066708 
0.06787 
0.092548 
0.048463 
0.073411 
0.099231 
0.06248 
0.061097 
0.066447 
0.059485 
0.032422 
0.034015 
0.060526 
0.114931 
0.033263 
0.079914 
0.032302 
0.078941 
0.06217 
0.074563 
0.062059 
0.069683 
0.034767 
0.071748 
0.215224 
0.047922 
0.059795 
0.048523 
0.082599 
0.090263 
0.032051 
0.03094 
0.044235 
0.061468 
0.080535 
0.06236 
0.042963 
0.058763 
0.068261 
0.061428 
0.071377 
0.067399 
0.031951 
0.056518 
0.028204 
0.040187 
0.013005 
0.012864 
0.011021 
0.038934 
0.011542 
0.019728 
0.048022 
0.045899 
0.010991 
0.010991 
0.011442 
0.010911 
0.045858 
0.01042 
0.038384 
0.037572 
0.011412 
0.011161 
0.011131 
0.010621 
0.01069 
0.040798 
0.037402 
0.040949 
0.040658 
0.037933 
0.037983 
0.042792 
0.038434 
0.03661 
0.010701 
0.01036 
0.011062 
0.010189 
0.037963 
0.039175 
0.010681 
0.037942 
0.037161 
0.040839 
0.038164 
0.058071 
0.040358 
0.012103 
0.027984 
0.01042 
0.037822 
0.035868 
0.009618 
0.056057 
0.038293 
0.038294 
0.049265 
0.035749 
0.038945 
0.03607 
0.012364 
0.036631 
0.036109 
0.041069 
0.010149 
0.01032 
0.01051 
0.01026 
0.013807 
0.048352 
0.01021 
0.0106 
0.010129 
0.009829 
0.012464 
0.01071 
0.038403 
0.01037 
0.03665 
0.01034 
0.03635 
0.009818 
0.080895 
0.01045 
0.037372 
0.0363 
0.038614 
0.035298 
0.032362 
0.032853 
0.032393 
0.032192 
0.007615 
0.034035 
0.009869 
0.008716 
0.035939 
0.032132 
0.032002 
0.031571 
