Czas wyszukiwania  cyklu
1.340993 
0.73952 
0.631682 
0.461305 
0.21391 
0.400619 
0.348048 
0.220042 
0.215694 
0.371292 
0.194493 
0.206386 
0.1982 
0.307209 
0.173442 
0.217297 
0.222738 
0.214512 
0.215694 
0.231975 
0.214051 
0.185356 
0.179575 
0.225583 
0.183933 
0.199283 
0.192078 
0.233178 
0.169496 
0.143325 
0.178182 
0.150219 
0.123818 
0.049124 
0.044214 
0.088039 
0.086235 
0.051869 
0.113398 
0.039195 
0.050156 
0.09888 
0.087248 
0.091245 
0.092598 
0.092207 
0.09888 
0.086666 
0.03669 
0.098549 
0.086035 
0.037091 
0.026351 
0.076036 
0.080434 
0.025129 
0.075275 
0.077148 
0.029146 
0.032582 
0.074924 
0.026812 
0.025369 
0.038544 
0.077288 
0.074393 
0.023745 
0.088059 
0.024777 
0.087979 
0.024006 
0.024607 
0.080244 
0.02601 
0.074213 
0.023605 
0.023345 
0.023224 
0.022633 
0.026781 
0.073692 
0.035338 
0.080555 
0.075014 
0.071047 
0.023375 
0.073431 
0.071337 
0.024537 
0.021632 
0.06787 
0.025158 
0.022503 
0.06806 
0.075004 
0.071347 
0.022273 
0.07324 
0.096044 
0.08327 
0.083731 
0.086596 
0.090073 
0.023906 
0.073522 
0.023054 
0.070385 
0.067831 
0.023005 
0.066668 
0.064804 
0.021642 
0.021882 
0.021582 
0.069994 
0.022513 
0.081576 
0.023575 
0.06759 
0.072549 
0.023986 
0.022353 
0.021992 
0.069553 
0.071236 
0.022844 
0.068912 
0.022724 
0.076737 
0.071888 
0.022433 
0.023565 
0.066798 
0.023726 
0.071136 
0.022513 
0.069333 
0.075735 
0.06802 
0.023505 
0.021802 
0.021772 
0.06797 
0.022583 
0.022363 
0.066167 
0.06781 
0.022152 
0.069624 
0.067009 
0.026841 
0.023395 
0.069704 
0.08872 
0.071126 
0.045447 
0.072479 
0.067129 
0.065726 
0.066147 
0.068592 
0.070255 
0.066437 
0.066978 
0.073221 
0.067209 
0.022112 
0.070666 
0.071878 
0.021501 
0.071818 
0.022553 
0.06785 
0.066278 
0.082108 
0.066217 
0.066939 
0.021992 
0.021401 
0.066177 
0.021432 
0.02101 
0.06725 
0.067029 
0.021141 
0.068331 
0.022112 
0.087508 
0.07279 
0.022373 
0.07268 
0.02084 
0.079373 
0.021791 
0.097877 
0.114029 
0.022483 
0.061788 
0.022814 
0.088159 
