Czas wyszukiwania  cyklu
0.215684 
0.593099 
0.204753 
0.206506 
0.185055 
0.137714 
0.032923 
0.13536 
0.034536 
0.030399 
0.123377 
0.042913 
0.033043 
0.133546 
0.114369 
0.046259 
0.10949 
0.108558 
0.044485 
0.180376 
0.044145 
0.104892 
0.081877 
0.103419 
0.050287 
0.045017 
0.129969 
0.037742 
0.036981 
0.076467 
0.073281 
0.039376 
0.083269 
0.076326 
0.044235 
0.074894 
0.081847 
0.08859 
0.048644 
0.050687 
0.075385 
0.069513 
0.03643 
0.048202 
0.08325 
0.071347 
0.069183 
0.069022 
0.064604 
0.063852 
0.04163 
0.087558 
0.122455 
0.075335 
0.060065 
0.029066 
0.074173 
0.030238 
0.057691 
0.042752 
0.05714 
0.074173 
0.030649 
0.062279 
0.044636 
0.055466 
0.029306 
0.068912 
0.026992 
0.05216 
0.067349 
0.055436 
0.066668 
0.05221 
0.05195 
0.038124 
0.025959 
0.051298 
0.058642 
0.051148 
0.058853 
0.01601 
0.044586 
0.016622 
0.016301 
0.01573 
0.040568 
0.042772 
0.040427 
0.042752 
0.041079 
0.044876 
0.016421 
0.04206 
0.043433 
0.017614 
0.04165 
0.040689 
0.043183 
0.073361 
0.046219 
0.03652 
0.037211 
0.011692 
0.035618 
0.009678 
0.038274 
0.034616 
0.033564 
0.009899 
0.010069 
0.039466 
0.01034 
0.035648 
0.009639 
0.039536 
0.037703 
0.033074 
0.035759 
0.034667 
0.00998 
0.010159 
0.038805 
0.034837 
0.034006 
0.058402 
0.057611 
0.061368 
0.059805 
0.01028 
0.012094 
0.035128 
0.009338 
0.033504 
0.008456 
0.032873 
0.033444 
0.008737 
0.011262 
0.008386 
0.034426 
0.008807 
0.009118 
0.008326 
0.008566 
0.033654 
0.032342 
0.008367 
0.008616 
0.033153 
0.044275 
0.008667 
0.035048 
0.01037 
0.034055 
0.008907 
0.01028 
0.034887 
0.053252 
0.009007 
0.008656 
0.008777 
0.043003 
0.009058 
0.043053 
0.034567 
0.035809 
0.009578 
0.008937 
0.033955 
0.009378 
0.033193 
0.032422 
0.032933 
0.008707 
0.032142 
0.008537 
0.032432 
0.032613 
0.031872 
0.017864 
0.033895 
0.010169 
0.008977 
0.008507 
0.033585 
0.032131 
0.034697 
0.008647 
0.032482 
0.008407 
0.032482 
0.053363 
0.037893 
0.0362 
0.009639 
0.034196 
0.075425 
0.032813 
0.008696 
