Czas wyszukiwania  cyklu
0.31792 
0.321357 
0.317219 
0.106935 
0.720512 
0.241053 
0.103188 
0.13016 
0.334352 
0.376683 
0.235803 
0.257785 
0.262253 
0.105623 
0.194013 
0.118718 
0.200645 
0.223108 
0.201337 
0.151772 
0.162852 
0.167041 
0.173453 
0.093489 
0.106655 
0.138927 
0.126804 
0.139147 
0.200054 
0.223118 
0.143295 
0.141582 
0.176779 
0.102857 
0.085114 
0.134438 
0.090614 
0.121974 
0.194243 
0.133286 
0.133867 
0.084963 
0.040087 
0.111003 
0.086025 
0.048914 
0.085904 
0.024246 
0.022393 
0.026571 
0.030348 
0.091886 
0.084322 
0.027553 
0.065425 
0.060496 
0.065816 
0.060095 
0.066447 
0.023355 
0.022503 
0.063622 
0.074232 
0.100753 
0.089181 
0.030208 
0.027222 
0.030017 
0.026271 
0.065065 
0.063923 
0.022834 
0.065085 
0.022944 
0.027864 
0.026 
0.029497 
0.031931 
0.090133 
0.027954 
0.081998 
0.029467 
0.055607 
0.063171 
0.061759 
0.020509 
0.071939 
0.014598 
0.016773 
0.014498 
0.056328 
0.074864 
0.022112 
0.056288 
0.022283 
0.054825 
0.014458 
0.055246 
0.050076 
0.017113 
0.018044 
0.021661 
0.058883 
0.053072 
0.016081 
0.027302 
0.016341 
0.063542 
0.015279 
0.066147 
0.051248 
0.017944 
0.05208 
0.017694 
0.014187 
0.068551 
0.013295 
0.056408 
0.055106 
0.014237 
0.063162 
0.014838 
0.013967 
0.081807 
0.06768 
0.05205 
0.013917 
0.016061 
0.060406 
0.054154 
0.051359 
0.020079 
0.07811 
0.056037 
0.051479 
0.05199 
0.050888 
0.01557 
0.049756 
0.015089 
0.013997 
0.01576 
0.048874 
0.013055 
0.046088 
0.068592 
0.044776 
0.048994 
0.047151 
0.047151 
0.051068 
0.071517 
0.05211 
0.034476 
0.045327 
0.044345 
0.047782 
0.013165 
0.047731 
0.050326 
0.012564 
0.013486 
0.014839 
0.013095 
0.014207 
0.012835 
0.056038 
0.049986 
0.012745 
0.047691 
0.048423 
0.013146 
0.043794 
0.021541 
0.0209 
0.089351 
0.0313 
0.023225 
0.050607 
0.014708 
0.050848 
0.050226 
0.04726 
0.04656 
0.014047 
0.048032 
0.045928 
0.013065 
0.012944 
0.045757 
0.045608 
0.015099 
0.055507 
0.047451 
0.046479 
0.046288 
0.046019 
0.04706 
0.016331 
0.07275 
