Czas wyszukiwania  cyklu
0.890196 
0.275308 
0.288011 
0.17262 
0.301387 
0.192098 
0.085193 
0.249879 
0.087638 
0.25588 
0.25563 
0.134388 
0.269636 
0.105993 
0.09886 
0.235752 
0.098098 
0.093579 
0.163673 
0.187359 
0.15137 
0.144556 
0.085003 
0.164615 
0.132724 
0.083971 
0.166719 
0.120891 
0.108588 
0.131612 
0.072469 
0.123637 
0.183211 
0.107156 
0.069663 
0.065576 
0.135189 
0.066177 
0.10435 
0.143796 
0.089712 
0.113828 
0.107456 
0.121693 
0.115912 
0.07281 
0.099931 
0.1256 
0.111654 
0.112045 
0.068211 
0.121623 
0.115712 
0.069644 
0.07833 
0.114259 
0.081276 
0.098498 
0.079533 
0.059033 
0.02613 
0.02566 
0.024808 
0.089541 
0.055587 
0.025148 
0.055035 
0.054564 
0.054334 
0.055477 
0.025018 
0.057711 
0.05709 
0.054795 
0.069523 
0.071948 
0.030218 
0.046068 
0.015409 
0.045217 
0.014287 
0.047411 
0.044626 
0.046148 
0.043593 
0.04696 
0.042832 
0.013215 
0.043242 
0.013706 
0.013355 
0.043573 
0.014097 
0.042772 
0.013847 
0.013937 
0.043604 
0.042953 
0.015219 
0.015109 
0.01588 
0.052982 
0.017644 
0.014418 
0.013777 
0.015149 
0.013786 
0.014217 
0.046259 
0.047111 
0.014137 
0.05212 
0.043904 
0.013877 
0.045156 
0.043813 
0.043523 
0.013686 
0.013626 
0.013867 
0.018726 
0.013817 
0.046228 
0.045577 
0.044365 
0.025899 
0.070925 
0.025459 
0.049655 
0.014978 
0.044976 
0.013436 
0.015139 
0.013545 
0.04706 
0.086015 
0.043985 
0.060716 
0.051609 
0.01051 
0.048924 
0.039856 
0.038774 
0.009047 
0.037311 
0.040027 
0.055547 
0.009378 
0.042592 
0.026321 
0.042452 
0.008456 
0.008526 
0.009017 
0.038193 
0.008396 
0.008336 
0.008576 
0.037952 
0.008437 
0.037261 
0.008646 
0.038424 
0.037933 
0.040136 
0.038233 
0.036951 
0.037161 
0.009698 
0.008867 
0.012344 
0.009277 
0.040027 
0.037943 
0.008747 
0.011352 
0.037843 
0.037341 
0.037803 
0.008988 
0.038925 
0.008526 
0.007675 
0.037422 
0.008196 
0.010079 
0.008607 
0.009648 
0.040157 
0.008566 
0.008436 
0.008406 
0.009779 
0.008806 
0.051839 
0.076526 
0.011673 
0.032652 
0.008536 
0.008456 
