Czas wyszukiwania  cyklu
0.754749 
0.051439 
0.037251 
0.029317 
0.029577 
0.087568 
0.083701 
0.029948 
0.083771 
0.029216 
0.086707 
0.014508 
0.064765 
0.065586 
0.028214 
0.063822 
0.060997 
0.013586 
0.061318 
0.089382 
0.059053 
0.062881 
0.055326 
0.012063 
0.013425 
0.075976 
0.014308 
0.015119 
0.047582 
0.013436 
0.048493 
0.012995 
0.065456 
0.056078 
0.074803 
0.016672 
0.069443 
0.04679 
0.054154 
0.013386 
0.01071 
0.054054 
0.012213 
0.06242 
0.012254 
0.044746 
0.039727 
0.042131 
0.01565 
0.046709 
0.01552 
0.012564 
0.048343 
0.013376 
0.020068 
0.043494 
0.01537 
0.053833 
0.045989 
0.015911 
0.024527 
0.050146 
0.041189 
0.12018 
0.016181 
0.012744 
0.05188 
0.012504 
0.033174 
0.047391 
0.033565 
0.034416 
0.012293 
0.012384 
0.012584 
0.013676 
0.008346 
0.013877 
0.040077 
0.034487 
0.013266 
0.013266 
0.032572 
0.012554 
0.034286 
0.033635 
0.0314 
0.012224 
0.030859 
0.012554 
0.012234 
0.023756 
0.034376 
0.013997 
0.040909 
0.023104 
0.055707 
0.034786 
0.037802 
0.015079 
0.035839 
0.042251 
0.039777 
0.030399 
0.012985 
0.059003 
0.032442 
0.010991 
0.008877 
0.007625 
0.027733 
0.009559 
0.041069 
0.030238 
0.012053 
0.034216 
0.011301 
0.028825 
0.008496 
0.02605 
0.039877 
0.026872 
0.025058 
0.028926 
0.028535 
0.012725 
0.008706 
0.010881 
0.056198 
0.027202 
0.008787 
0.009959 
0.007754 
0.027844 
0.028375 
0.028635 
0.016572 
0.009549 
0.010931 
0.024246 
0.026611 
0.02575 
0.026351 
0.028535 
0.02595 
0.009628 
0.030258 
0.02579 
0.024717 
0.004579 
0.042692 
0.012143 
0.03111 
0.037272 
0.025178 
0.02619 
0.026081 
0.008316 
0.026841 
0.026632 
0.011312 
0.042973 
0.027913 
0.022594 
0.008045 
0.007615 
0.024256 
0.02652 
0.022122 
0.026621 
0.03105 
0.028284 
0.026211 
0.022754 
0.021211 
0.023796 
0.003597 
0.023024 
0.008787 
0.023976 
0.006623 
0.006673 
0.022233 
0.022424 
0.015279 
0.024006 
0.023295 
0.023826 
0.013697 
0.025028 
0.025158 
0.019407 
0.009518 
0.006552 
0.026791 
0.022934 
0.00531 
0.003848 
0.02039 
0.002646 
