Czas wyszukiwania  cyklu
0.383105 
0.346114 
0.904325 
0.116193 
0.261552 
0.258546 
0.1671 
0.237756 
0.228649 
0.146281 
0.137193 
0.237657 
0.304034 
0.252324 
0.144508 
0.230672 
0.185226 
0.176699 
0.165758 
0.170968 
0.130861 
0.185285 
0.185746 
0.121984 
0.199172 
0.187079 
0.111594 
0.045147 
0.046399 
0.092237 
0.047742 
0.090994 
0.087248 
0.046309 
0.059183 
0.045878 
0.087959 
0.108758 
0.098048 
0.087619 
0.056488 
0.102647 
0.069203 
0.027383 
0.090173 
0.028445 
0.025479 
0.025129 
0.027693 
0.093079 
0.092558 
0.02622 
0.073491 
0.067199 
0.068802 
0.025469 
0.069252 
0.070355 
0.025038 
0.025188 
0.069293 
0.071727 
0.069113 
0.061087 
0.073601 
0.024927 
0.04167 
0.079172 
0.0415 
0.067239 
0.069804 
0.06761 
0.038234 
0.071798 
0.077719 
0.025168 
0.069614 
0.058983 
0.059524 
0.058392 
0.016121 
0.059935 
0.05713 
0.018496 
0.06286 
0.017333 
0.021501 
0.058623 
0.060977 
0.021762 
0.060877 
0.05732 
0.058412 
0.017293 
0.0156 
0.058903 
0.064935 
0.060335 
0.061708 
0.07801 
0.074313 
0.016682 
0.087658 
0.073932 
0.069704 
0.016332 
0.017233 
0.016311 
0.018506 
0.015299 
0.069003 
0.016151 
0.062219 
0.01564 
0.059605 
0.05697 
0.059033 
0.016031 
0.107025 
0.087688 
0.079503 
0.076206 
0.076246 
0.018946 
0.019097 
0.019618 
0.017263 
0.079733 
0.023765 
0.074072 
0.023105 
0.09909 
0.017885 
0.06249 
0.01556 
0.014588 
0.058993 
0.109039 
0.081076 
0.059925 
0.053683 
0.081186 
0.016682 
0.054654 
0.01552 
0.082969 
0.052531 
0.055627 
0.079333 
0.055116 
0.056178 
0.015049 
0.048503 
0.014898 
0.052501 
0.014278 
0.014568 
0.049555 
0.048854 
0.050006 
0.014869 
0.016942 
0.049404 
0.049375 
0.048483 
0.014408 
0.050357 
0.014017 
0.051939 
0.013797 
0.055516 
0.014578 
0.018406 
0.01548 
0.05222 
0.014648 
0.05729 
0.087478 
0.09923 
0.045657 
0.046278 
0.043895 
0.045407 
0.045828 
0.044967 
0.044705 
0.015089 
0.100373 
0.067179 
0.015139 
0.014889 
0.016492 
0.050146 
0.016802 
0.045988 
0.015129 
0.044776 
0.043363 
0.014017 
0.016572 
