Czas wyszukiwania  cyklu
0.089251 
0.505971 
0.117886 
0.040127 
0.115241 
0.103489 
0.046278 
0.053352 
0.118077 
0.090785 
0.018225 
0.078942 
0.080795 
0.018205 
0.068071 
0.102737 
0.082578 
0.018134 
0.0628 
0.062099 
0.065546 
0.076597 
0.073722 
0.074583 
0.064053 
0.059154 
0.06259 
0.056648 
0.057931 
0.052872 
0.082458 
0.054003 
0.025078 
0.066107 
0.064473 
0.065716 
0.051509 
0.033475 
0.055597 
0.021261 
0.021321 
0.060867 
0.05208 
0.07786 
0.061357 
0.053432 
0.050608 
0.049044 
0.048052 
0.021892 
0.029306 
0.056759 
0.021642 
0.050147 
0.065886 
0.022293 
0.038855 
0.077468 
0.053503 
0.047411 
0.022613 
0.049305 
0.046539 
0.072258 
0.024427 
0.02589 
0.046629 
0.063021 
0.046169 
0.041019 
0.040838 
0.045919 
0.039696 
0.019067 
0.040628 
0.019097 
0.04141 
0.040428 
0.03668 
0.02588 
0.038664 
0.037903 
0.02071 
0.043153 
0.016201 
0.01582 
0.018455 
0.048703 
0.016362 
0.040979 
0.035348 
0.035508 
0.033965 
0.016422 
0.04137 
0.015339 
0.03627 
0.038273 
0.037582 
0.039717 
0.016341 
0.053503 
0.034737 
0.031691 
0.013315 
0.012574 
0.034336 
0.011492 
0.011362 
0.034786 
0.01057 
0.012043 
0.033795 
0.012313 
0.042803 
0.044526 
0.045307 
0.043614 
0.069974 
0.01593 
0.038974 
0.018134 
0.047692 
0.0157 
0.046048 
0.048774 
0.052761 
0.023465 
0.091666 
0.013516 
0.049114 
0.048062 
0.055516 
0.01013 
0.012895 
0.030208 
0.027152 
0.028174 
0.028565 
0.02588 
0.031039 
0.029436 
0.029417 
0.032733 
0.028515 
0.04187 
0.029807 
0.009599 
0.029877 
0.00998 
0.027864 
0.010941 
0.043804 
0.032252 
0.035548 
0.033284 
0.009368 
0.009609 
0.009388 
0.053924 
0.032081 
0.030769 
0.029416 
0.029597 
0.028855 
0.027964 
0.020991 
0.029607 
0.03134 
0.009307 
0.029576 
0.011672 
0.012023 
0.024647 
0.029938 
0.011512 
0.012213 
0.033635 
0.043914 
0.009257 
0.0208 
0.010079 
0.03133 
0.047642 
0.050457 
0.032032 
0.029566 
0.099551 
0.028865 
0.011181 
0.01029 
0.010921 
0.050367 
0.074694 
0.045367 
0.027964 
0.02593 
0.010671 
0.039896 
0.010661 
