Czas wyszukiwania  cyklu
0.789967 
0.297501 
0.256082 
0.137404 
0.145128 
0.186788 
0.061438 
0.153514 
0.055727 
0.154306 
0.246513 
0.230051 
0.190005 
0.195936 
0.180286 
0.084022 
0.071026 
0.073551 
0.143506 
0.108448 
0.060967 
0.062089 
0.109731 
0.112977 
0.069023 
0.09905 
0.067639 
0.061398 
0.105552 
0.111444 
0.066758 
0.095413 
0.073651 
0.141041 
0.059274 
0.061168 
0.11444 
0.117406 
0.079122 
0.118037 
0.064955 
0.127975 
0.063371 
0.06231 
0.062049 
0.121073 
0.130099 
0.118057 
0.061388 
0.106084 
0.124659 
0.065455 
0.110412 
0.112045 
0.06244 
0.166941 
0.123788 
0.089552 
0.074262 
0.065215 
0.102727 
0.102968 
0.091646 
0.111043 
0.070125 
0.085214 
0.099771 
0.059775 
0.095243 
0.097537 
0.082529 
0.065215 
0.055797 
0.09892 
0.099792 
0.08857 
0.068151 
0.021802 
0.050948 
0.051158 
0.022042 
0.049425 
0.048503 
0.051919 
0.021872 
0.05232 
0.103689 
0.053452 
0.030108 
0.013445 
0.012845 
0.04146 
0.014458 
0.011773 
0.040458 
0.044916 
0.041059 
0.040528 
0.040798 
0.043894 
0.047031 
0.014739 
0.012835 
0.04182 
0.04167 
0.040447 
0.040308 
0.040949 
0.040468 
0.040658 
0.012363 
0.045196 
0.043143 
0.040117 
0.04138 
0.038674 
0.040328 
0.011973 
0.012294 
0.011953 
0.044516 
0.040718 
0.044204 
0.012404 
0.041941 
0.020259 
0.045888 
0.043283 
0.064243 
0.043564 
0.012033 
0.012003 
0.040347 
0.056458 
0.011713 
0.015259 
0.054364 
0.039356 
0.011672 
0.050577 
0.039936 
0.037993 
0.013375 
0.011723 
0.011702 
0.053102 
0.038714 
0.011723 
0.04156 
0.047671 
0.038825 
0.040718 
0.011953 
0.039646 
0.012615 
0.039596 
0.011812 
0.055967 
0.040467 
0.038824 
0.012143 
0.03605 
0.034907 
0.040147 
0.007214 
0.007464 
0.007314 
0.007574 
0.035127 
0.03663 
0.035829 
0.035237 
0.034887 
0.007234 
0.007494 
0.034275 
0.035137 
0.006994 
0.034496 
0.034446 
0.009709 
0.037552 
0.048162 
0.05728 
0.008436 
0.086215 
0.031009 
0.007775 
0.007124 
0.03111 
0.032241 
0.03623 
0.040638 
0.008457 
0.007534 
0.006953 
0.006964 
0.028294 
0.028635 
0.01031 
