Czas wyszukiwania  cyklu
0.733638 
0.167131 
0.063983 
0.080615 
0.135169 
0.055787 
0.142163 
0.041239 
0.127375 
0.022663 
0.021781 
0.024608 
0.023355 
0.096415 
0.105322 
0.08322 
0.090744 
0.099131 
0.073902 
0.0729 
0.098009 
0.089592 
0.082178 
0.027222 
0.076878 
0.058733 
0.0417 
0.024086 
0.066929 
0.027462 
0.040558 
0.071788 
0.059224 
0.027333 
0.060887 
0.086646 
0.099952 
0.082919 
0.074744 
0.08855 
0.076457 
0.034546 
0.029095 
0.026642 
0.059374 
0.025478 
0.08842 
0.085634 
0.028925 
0.070966 
0.08344 
0.035538 
0.071227 
0.028665 
0.083871 
0.041209 
0.067861 
0.065686 
0.024838 
0.06774 
0.02627 
0.064794 
0.027563 
0.053643 
0.074633 
0.05705 
0.064243 
0.07834 
0.054044 
0.022984 
0.026822 
0.023094 
0.045167 
0.047952 
0.043073 
0.019247 
0.041429 
0.039616 
0.039125 
0.040959 
0.04709 
0.018565 
0.018516 
0.042 
0.018104 
0.091536 
0.051629 
0.039997 
0.019838 
0.017845 
0.032082 
0.018015 
0.042382 
0.018926 
0.040428 
0.029697 
0.017885 
0.017694 
0.04167 
0.040648 
0.031821 
0.03165 
0.014779 
0.014077 
0.016672 
0.038855 
0.04676 
0.045618 
0.016081 
0.03687 
0.048302 
0.042502 
0.014187 
0.013436 
0.033565 
0.040097 
0.038174 
0.039005 
0.013156 
0.019667 
0.0676 
0.034948 
0.013416 
0.035729 
0.044405 
0.027532 
0.013676 
0.051299 
0.015009 
0.036029 
0.034226 
0.033544 
0.018536 
0.033665 
0.007945 
0.007674 
0.03653 
0.027964 
0.028695 
0.007314 
0.007384 
0.028275 
0.007525 
0.028515 
0.006904 
0.006642 
0.028304 
0.028174 
0.006913 
0.037091 
0.028084 
0.027502 
0.007224 
0.03121 
0.040127 
0.006612 
0.027713 
0.006944 
0.006182 
0.006242 
0.026521 
0.025519 
0.008155 
0.026621 
0.006353 
0.005801 
0.026992 
0.007004 
0.027403 
0.006462 
0.038824 
0.027573 
0.006773 
0.006973 
0.028113 
0.007395 
0.006052 
0.009518 
0.007335 
0.006482 
0.006803 
0.006282 
0.006041 
0.006132 
0.042892 
0.027152 
0.006432 
0.006443 
0.027483 
0.027283 
0.026731 
0.028485 
0.011472 
0.033063 
0.03098 
0.026681 
0.006874 
0.037652 
0.040828 
0.069072 
