Czas wyszukiwania  cyklu
1.023074 
0.417802 
0.26596 
0.400489 
0.223208 
0.205174 
0.175918 
0.08315 
0.091265 
0.20844 
0.282793 
0.230302 
0.149798 
0.168974 
0.146692 
0.090674 
0.079533 
0.14075 
0.10965 
0.09889 
0.135731 
0.090844 
0.178874 
0.154788 
0.136592 
0.1196 
0.153485 
0.155187 
0.144478 
0.088209 
0.131112 
0.085524 
0.123517 
0.137945 
0.082759 
0.057641 
0.080524 
0.038304 
0.075996 
0.101866 
0.054895 
0.04176 
0.044956 
0.09893 
0.038925 
0.092567 
0.094321 
0.102677 
0.038815 
0.092187 
0.107577 
0.10426 
0.02617 
0.023746 
0.025519 
0.082258 
0.080775 
0.082699 
0.083049 
0.090855 
0.08319 
0.024117 
0.032012 
0.121483 
0.081136 
0.022313 
0.022263 
0.021943 
0.030118 
0.060817 
0.02053 
0.02096 
0.02116 
0.059925 
0.058542 
0.056909 
0.056518 
0.058101 
0.022062 
0.05759 
0.019808 
0.058332 
0.028074 
0.059955 
0.019146 
0.082298 
0.068561 
0.057861 
0.05773 
0.054835 
0.061297 
0.058652 
0.110953 
0.083751 
0.030609 
0.018505 
0.012323 
0.053172 
0.012775 
0.05211 
0.059875 
0.064304 
0.079632 
0.09891 
0.019657 
0.085734 
0.101364 
0.013416 
0.012765 
0.060627 
0.013105 
0.013766 
0.049966 
0.048534 
0.050307 
0.012374 
0.012193 
0.012695 
0.051619 
0.05206 
0.0523 
0.013206 
0.053372 
0.053202 
0.051879 
0.070516 
0.014507 
0.070616 
0.051969 
0.012975 
0.052681 
0.050757 
0.011191 
0.012203 
0.056117 
0.011351 
0.013807 
0.048623 
0.012484 
0.011272 
0.011913 
0.052591 
0.053643 
0.0521 
0.048934 
0.011412 
0.018866 
0.08332 
0.017875 
0.07294 
0.074844 
0.069032 
0.014147 
0.012965 
0.017393 
0.058903 
0.055055 
0.056308 
0.013195 
0.012784 
0.051098 
0.013155 
0.012093 
0.012113 
0.055376 
0.011472 
0.011783 
0.050266 
0.013747 
0.014949 
0.016793 
0.051309 
0.054956 
0.012263 
0.060736 
0.048934 
0.012123 
0.015389 
0.04708 
0.043764 
0.045196 
0.043694 
0.045798 
0.011822 
0.050727 
0.012695 
0.013707 
0.012354 
0.046129 
0.04697 
0.049966 
0.012584 
0.048924 
0.04716 
0.012775 
0.044866 
0.045858 
0.045458 
0.012273 
0.07799 
