Czas wyszukiwania  cyklu
0.857513 
0.197698 
0.31855 
0.194533 
0.20393 
0.153704 
0.15669 
0.059093 
0.241021 
0.210834 
0.215984 
0.263475 
0.074232 
0.071257 
0.094471 
0.080174 
0.173171 
0.122856 
0.12538 
0.079142 
0.156049 
0.072058 
0.076176 
0.081066 
0.064504 
0.06246 
0.052882 
0.101605 
0.087818 
0.05212 
0.10923 
0.0681 
0.095623 
0.1043 
0.092467 
0.086255 
0.088289 
0.101875 
0.097577 
0.086365 
0.061668 
0.113928 
0.059103 
0.063872 
0.058853 
0.066988 
0.095754 
0.113137 
0.080124 
0.029707 
0.032793 
0.064483 
0.029767 
0.06758 
0.028775 
0.029747 
0.029055 
0.064744 
0.029257 
0.030268 
0.029175 
0.070976 
0.028996 
0.060686 
0.042031 
0.060376 
0.034836 
0.019377 
0.050126 
0.0157 
0.051879 
0.019126 
0.016311 
0.055847 
0.052651 
0.049274 
0.050297 
0.016021 
0.026571 
0.023675 
0.057039 
0.01587 
0.015399 
0.049845 
0.050376 
0.05226 
0.017894 
0.015399 
0.050166 
0.053312 
0.052551 
0.049014 
0.048803 
0.01579 
0.051048 
0.055477 
0.016872 
0.015771 
0.050927 
0.051509 
0.060546 
0.050046 
0.051459 
0.05204 
0.048704 
0.054744 
0.016431 
0.050136 
0.05757 
0.029186 
0.049244 
0.051629 
0.016362 
0.016221 
0.050317 
0.049164 
0.016512 
0.087367 
0.049825 
0.016371 
0.045457 
0.047601 
0.010279 
0.043864 
0.043193 
0.083179 
0.050496 
0.046629 
0.044665 
0.045317 
0.01036 
0.074312 
0.046349 
0.01039 
0.011572 
0.054214 
0.009579 
0.009529 
0.044606 
0.01015 
0.042732 
0.047221 
0.045246 
0.01033 
0.044175 
0.01059 
0.01041 
0.01044 
0.04197 
0.009788 
0.058893 
0.042451 
0.043984 
0.059935 
0.01031 
0.042691 
0.042331 
0.041509 
0.043112 
0.011392 
0.040487 
0.042411 
0.041179 
0.044105 
0.009178 
0.04187 
0.043283 
0.041209 
0.010781 
0.009408 
0.044285 
0.057611 
0.011973 
0.009208 
0.086656 
0.011983 
0.037272 
0.035428 
0.037672 
0.035528 
0.03646 
0.037922 
0.009608 
0.009589 
0.042151 
0.009839 
0.035258 
0.027011 
0.012404 
0.009718 
0.01019 
0.017103 
0.059754 
0.019047 
0.044736 
0.009748 
0.009679 
0.03665 
0.036851 
0.035288 
