Czas wyszukiwania  cyklu
0.882283 
0.054334 
0.221746 
0.14053 
0.140078 
0.099631 
0.090874 
0.036621 
0.035989 
0.080735 
0.030568 
0.074924 
0.075134 
0.065155 
0.070465 
0.119039 
0.101755 
0.021651 
0.09913 
0.086115 
0.087748 
0.021261 
0.096014 
0.02121 
0.091947 
0.024827 
0.071337 
0.06231 
0.051529 
0.021431 
0.050777 
0.019688 
0.074143 
0.05705 
0.051048 
0.050166 
0.082709 
0.068211 
0.016572 
0.017384 
0.045527 
0.043023 
0.025048 
0.040067 
0.086947 
0.030278 
0.022954 
0.019788 
0.025719 
0.016452 
0.022002 
0.022203 
0.071808 
0.016191 
0.060346 
0.054094 
0.056187 
0.064334 
0.022343 
0.028906 
0.096515 
0.070846 
0.057219 
0.068692 
0.065475 
0.021341 
0.021291 
0.056929 
0.019207 
0.06234 
0.050567 
0.017704 
0.048604 
0.049606 
0.060326 
0.045267 
0.051459 
0.049605 
0.018776 
0.016853 
0.058432 
0.050898 
0.04683 
0.027082 
0.021972 
0.024237 
0.01591 
0.016972 
0.016702 
0.053092 
0.017924 
0.043324 
0.018305 
0.016351 
0.054935 
0.032672 
0.040969 
0.032432 
0.029617 
0.013957 
0.016091 
0.045738 
0.023996 
0.033745 
0.028776 
0.033094 
0.034536 
0.013486 
0.033584 
0.011311 
0.011222 
0.009257 
0.008606 
0.030629 
0.027833 
0.030659 
0.028415 
0.027754 
0.026631 
0.009147 
0.03678 
0.009138 
0.004829 
0.008206 
0.028455 
0.03113 
0.026521 
0.026871 
0.041469 
0.030369 
0.019978 
0.024527 
0.051529 
0.064764 
0.042892 
0.040228 
0.045066 
0.012143 
0.016862 
0.027623 
0.028706 
0.043284 
0.028645 
0.008306 
0.026531 
0.043814 
0.029326 
0.009519 
0.030528 
0.008286 
0.027893 
0.010951 
0.059454 
0.032051 
0.009859 
0.007595 
0.028564 
0.008456 
0.026491 
0.009097 
0.009027 
0.026861 
0.040297 
0.008667 
0.024757 
0.029817 
0.040458 
0.02651 
0.008396 
0.025299 
0.026912 
0.02627 
0.038794 
0.025289 
0.007885 
0.024207 
0.008165 
0.028013 
0.031811 
0.028906 
0.025619 
0.007765 
0.020669 
0.02611 
0.009939 
0.025018 
0.024627 
0.007855 
0.006803 
0.007224 
0.007895 
0.025268 
0.036961 
0.042181 
0.013125 
0.011742 
0.03658 
0.048563 
0.006924 
0.021872 
